19301926
19308233
19308234
19308235
19314436
19314437
19314438
19314439
19314440
19320629
19320630
19320631
19320632
19320633
19326855
19326856
19326857
19326858
19326859
19326860
19326861
19333027
19333028
19333029
19333030
19333031
19333032
19333033
19333034
19339196
19339197
19339198
19339199
19339200
19339201
19339202
19339203
19345365
19345366
19345367
19345368
19345369
19345370
19345371
19345372
19345373
19351465
19351466
19351467
19351468
19351469
19351470
19351471
19351472
19357531
19357532
19357533
19357534
19357535
19357536
19357537
19363632
19363633
19363634
19363635
19363636
19363637
19369661
19369662
19369663
19369664
19375604
19466700
19466701
19472798
19472799
19472800
19472801
19472802
19472803
19472804
19472805
19478924
19478925
19478926
19478927
19478928
19478929
19478930
19478931
19478932
19478933
19478934
19485152
19485153
19485154
19485155
19485156
19485157
19485158
19485159
19485160
19485161
19485162
19485163
19491360
19491361
19491362
19491363
19491364
19491365
19491366
19491367
19491368
19491369
19491370
19491503
19497579
19497580
19497581
19497582
19497583
19497584
19497585
19497586
19497587
19497588
19497645
19497646
19497710
19497711
19497712
19497716
19497717
19503743
19503744
19503745
19503746
19503747
19503748
19503749
19503750
19503751
19503752
19503807
19503808
19503809
19503868
19503869
19503870
19503871
19503872
19503873
19503874
19503875
19503876
19503877
19503878
19503879
19509899
19509900
19509901
19509902
19509903
19509904
19509905
19509906
19509907
19509954
19509955
19509956
19509957
19510015
19510016
19510017
19510018
19510019
19510020
19510021
19510022
19510023
19510024
19510025
19510026
19510027
19510028
19515894
19515895
19515896
19515897
19515898
19515899
19515900
19515901
19515941
19515942
19515943
19515944
19515945
19515946
19515947
19515948
19515949
19515950
19516009
19516010
19516011
19516012
19516013
19516014
19516015
19516016
19516017
19516018
19516019
19516020
19516021
19521892
19521893
19521894
19521895
19521896
19521897
19521945
19521946
19521947
19521948
19521949
19521950
19521951
19521952
19521953
19521954
19521955
19521956
19521957
19522011
19522012
19522013
19522014
19522015
19522016
19522017
19522018
19522019
19522020
19522021
19522022
19522023
19528004
19528005
19528006
19528007
19528008
19528057
19528058
19528059
19528060
19528061
19528062
19528063
19528064
19528065
19528066
19528067
19528068
19528069
19528070
19528071
19528072
19528073
19528074
19528126
19528127
19528128
19528129
19528130
19528131
19528132
19528133
19528134
19528135
19528136
19528137
19534202
19534203
19534204
19534205
19534206
19534257
19534258
19534259
19534260
19534261
19534262
19534263
19534264
19534265
19534266
19534267
19534268
19534269
19534270
19534271
19534272
19534273
19534274
19534275
19534276
19534277
19534278
19534328
19534329
19534330
19534331
19534332
19534333
19534334
19534335
19534336
19534337
19540457
19540458
19540459
19540460
19540461
19540512
19540513
19540514
19540515
19540516
19540517
19540518
19540519
19540520
19540521
19540522
19540523
19540524
19540525
19540526
19540527
19540528
19540529
19540530
19540531
19540532
19540533
19540534
19540535
19540536
19540595
19540596
19540597
19540598
19546778
19546779
19546780
19546781
19546782
19546833
19546834
19546835
19546836
19546837
19546838
19546839
19546840
19546841
19546842
19546843
19546844
19546845
19546846
19546847
19546848
19546849
19546850
19546851
19546852
19546853
19546854
19546855
19546856
19546857
19553191
19553192
19553193
19553194
19553195
19553196
19553197
19553198
19553199
19553200
19553201
19559553
19559554
19559555
19559556
19559557
19559558
19559559
19559560
19559561
19565845
19565846
19565847
19565848
19572079
19584596
19584597
19590831
19590832
19590833
19590834
19590835
19596909
19596910
19596956
19596985
19596986
19596987
19596988
19596989
19596990
19596991
19596992
19596995
19596996
19596997
19596998
19596999
19602932
19602933
19602934
19602935
19602936
19602937
19603005
19603006
19603007
19603008
19603009
19603010
19603011
19603012
19603013
19603014
19603015
19603016
19603017
19603018
19603019
19603112
19608869
19608870
19608871
19608872
19608873
19608874
19608919
19608946
19608947
19608948
19608949
19608950
19608951
19608952
19608953
19608954
19608955
19608956
19608957
19608958
19608959
19609045
19609046
19609047
19609048
19609049
19609050
19614869
19614874
19614910
19614911
19614922
19614923
19614924
19614925
19614926
19614927
19614928
19614929
19614960
19614961
19614962
19614963
19614964
19614965
19614966
19614967
19614968
19614969
19614970
19614971
19614972
19615054
19615055
19615056
19615057
19615058
19615059
19615060
19615061
19615062
19620821
19620822
19620823
19620824
19620835
19620836
19620837
19620838
19620839
19620840
19620841
19620842
19620875
19620876
19620877
19620878
19620879
19620880
19620881
19620882
19620883
19620884
19620885
19620886
19620965
19620966
19620967
19620968
19620969
19620970
19620971
19626749
19626750
19626751
19626752
19626753
19626754
19626762
19626763
19626764
19626765
19626766
19626767
19626768
19626769
19626770
19626771
19626772
19626800
19626801
19626802
19626803
19626804
19626805
19626806
19626807
19626808
19626809
19626810
19626811
19626890
19626891
19626892
19626893
19626894
19626895
19632630
19632631
19632632
19632633
19632634
19632635
19632636
19632641
19632642
19632643
19632644
19632645
19632646
19632647
19632648
19632649
19632650
19632651
19632652
19632653
19632654
19632676
19632677
19632678
19632686
19632687
19632688
19632689
19632690
19632691
19632692
19632693
19632694
19632695
19632696
19632697
19632761
19632762
19632763
19632764
19632765
19632766
19638556
19638557
19638558
19638562
19638563
19638564
19638565
19638566
19638567
19638568
19638569
19638570
19638571
19638574
19638575
19638576
19638577
19638578
19638579
19638580
19638581
19638582
19638583
19638584
19638585
19638586
19638587
19638588
19638589
19638605
19638606
19638607
19638612
19638613
19638614
19638615
19638616
19638621
19638622
19638623
19638624
19638625
19638626
19638627
19638628
19638629
19638630
19638631
19638632
19638633
19638701
19638702
19638703
19638704
19638705
19638706
19644459
19644460
19644461
19644462
19644463
19644464
19644465
19644466
19644467
19644468
19644469
19644470
19644471
19644472
19644473
19644474
19644475
19644476
19644477
19644478
19644479
19644480
19644481
19644482
19644483
19644484
19644485
19644486
19644487
19644488
19644489
19644490
19644491
19644508
19644509
19644510
19644511
19644512
19644513
19644514
19644515
19644516
19644517
19644518
19644519
19644520
19644521
19644525
19644526
19644527
19644528
19644529
19644530
19644531
19644532
19644533
19644534
19644535
19644536
19644537
19644538
19644539
19644614
19644615
19644616
19650247
19650248
19650249
19650250
19650251
19650252
19650253
19650254
19650255
19650256
19650257
19650258
19650259
19650260
19650261
19650262
19650263
19650264
19650265
19650266
19650267
19650268
19650269
19650270
19650271
19650272
19650273
19650274
19650275
19650276
19650277
19650278
19650279
19650282
19650283
19650296
19650297
19650298
19650299
19650300
19650301
19650302
19650303
19650304
19650305
19650306
19650307
19650308
19650309
19650310
19650311
19650314
19650315
19650316
19650317
19650318
19650319
19650320
19650321
19650322
19650323
19650324
19650325
19650326
19650327
19650328
19650329
19650330
19655964
19655965
19655966
19655967
19655968
19655969
19655970
19655971
19655972
19655973
19655974
19655975
19655976
19655977
19655978
19655979
19655980
19655981
19655982
19655983
19655984
19655985
19655986
19655987
19655988
19655989
19655990
19655991
19655992
19655993
19655994
19655995
19655996
19655999
19656000
19656001
19656002
19656003
19656004
19656013
19656014
19656015
19656016
19656017
19656018
19656019
19656020
19656021
19656022
19656023
19656024
19656025
19656026
19656027
19656028
19656029
19656030
19656031
19656032
19656033
19656034
19656035
19656036
19656037
19656038
19656039
19656040
19656041
19656042
19656043
19656044
19656045
19656046
19656047
19656048
19656049
19661676
19661677
19661678
19661679
19661680
19661681
19661682
19661683
19661684
19661685
19661686
19661687
19661688
19661689
19661690
19661691
19661692
19661693
19661694
19661695
19661696
19661697
19661698
19661699
19661700
19661701
19661702
19661703
19661704
19661705
19661706
19661710
19661711
19661712
19661713
19661714
19661715
19661716
19661717
19661718
19661719
19661720
19661721
19661725
19661726
19661727
19661728
19661729
19661730
19661731
19661732
19661733
19661734
19661735
19661736
19661737
19661738
19661739
19661740
19661741
19661742
19661743
19661744
19661745
19661746
19661747
19661748
19661749
19661750
19661751
19661752
19661753
19661757
19661758
19661759
19661760
19661761
19661762
19667369
19667370
19667371
19667372
19667373
19667374
19667375
19667376
19667377
19667378
19667379
19667380
19667381
19667382
19667383
19667384
19667385
19667386
19667387
19667388
19667389
19667390
19667391
19667392
19667393
19667402
19667403
19667404
19667405
19667406
19667407
19667408
19667409
19667410
19667411
19667412
19667413
19667414
19667415
19667416
19667417
19667418
19667419
19667420
19667421
19667422
19667423
19667424
19667425
19667426
19667427
19667428
19667429
19667430
19667431
19667432
19667433
19667434
19667435
19667436
19667437
19667438
19667439
19667440
19667441
19667442
19667443
19667444
19667445
19667452
19667453
19667454
19667455
19672985
19672990
19672991
19672992
19673000
19673001
19673002
19673003
19673004
19673005
19673006
19673007
19673017
19673018
19673019
19673020
19673021
19673022
19673023
19673024
19673025
19673026
19673027
19673028
19673029
19673030
19673031
19673032
19673033
19673034
19673035
19673036
19673037
19673038
19673039
19673040
19673041
19673042
19673043
19673044
19673045
19673046
19673047
19673048
19673049
19673050
19673051
19673052
19673053
19673054
19673055
19673056
19673057
19673058
19673059
19673060
19673061
19673062
19673071
19673072
19673073
19678596
19678597
19678598
19678599
19678600
19678601
19678602
19678606
19678607
19678608
19678623
19678624
19678625
19678626
19678627
19678628
19678629
19678630
19678631
19678632
19678633
19678634
19678635
19678636
19678637
19678638
19678639
19678640
19678641
19678642
19678643
19678644
19678645
19678646
19678647
19678648
19678649
19678650
19678651
19678652
19678653
19678654
19678655
19678656
19678657
19678658
19678659
19678660
19678661
19678662
19678663
19678664
19678665
19678666
19678667
19684196
19684197
19684198
19684199
19684200
19684201
19684202
19684203
19684204
19684205
19684206
19684207
19684208
19684209
19684210
19684226
19684227
19684228
19684229
19684230
19684231
19684232
19684233
19684234
19684235
19684236
19684237
19684238
19684239
19684240
19684241
19684242
19684243
19684244
19684245
19684246
19684247
19684248
19684249
19684250
19684251
19684252
19684253
19684254
19684255
19684256
19684257
19684258
19684259
19684260
19684261
19684262
19684263
19684264
19684265
19684266
19684267
19684268
19684269
19689692
19689693
19689694
19689695
19689696
19689697
19689698
19689700
19689701
19689702
19689703
19689705
19689724
19689725
19689726
19689727
19689728
19689729
19689730
19689731
19689732
19689733
19689734
19689735
19689736
19689737
19689738
19689739
19689740
19689741
19689742
19689743
19689744
19689745
19689746
19689747
19689748
19689749
19689750
19689751
19689752
19689753
19689754
19689755
19689756
19689757
19689758
19689759
19689760
19689761
19689762
19689763
19695070
19695071
19695072
19695073
19695074
19695075
19695076
19695079
19695080
19695081
19695082
19695102
19695103
19695104
19695105
19695106
19695107
19695108
19695109
19695110
19695111
19695112
19695113
19695114
19695115
19695116
19695117
19695118
19695119
19695120
19695121
19695122
19695123
19695124
19695125
19695126
19695127
19695128
19695129
19695130
19695131
19695132
19695133
19695134
19695135
19695136
19695137
19700295
19700296
19700297
19700298
19700299
19700300
19700303
19700304
19700305
19700306
19700307
19700327
19700328
19700329
19700330
19700331
19700332
19700333
19700334
19700335
19700336
19700337
19700338
19700339
19700340
19700341
19700342
19700343
19700344
19700345
19700346
19700347
19700348
19700349
19700350
19700351
19700352
19700353
19700354
19700355
19700356
19700357
19700358
19700359
19700360
19700361
19700362
19705456
19705457
19705458
19705462
19705463
19705464
19705465
19705466
19705467
19705468
19705469
19705470
19705486
19705487
19705488
19705489
19705490
19705491
19705492
19705493
19705494
19705495
19705496
19705497
19705498
19705499
19705500
19705501
19705502
19705503
19705504
19705505
19705506
19705507
19705508
19705509
19705510
19705511
19705512
19705513
19705514
19705515
19705516
19705517
19705518
19705519
19710505
19710510
19710511
19710512
19710513
19710514
19710515
19710516
19710517
19710518
19710519
19710520
19710521
19710535
19710536
19710537
19710538
19710539
19710540
19710541
19710542
19710543
19710544
19710545
19710546
19710547
19710548
19710549
19710550
19710551
19710552
19710553
19710554
19710555
19710556
19710557
19710558
19710562
19710563
19710564
19710565
19710566
19710567
19715503
19715504
19715505
19715506
19715507
19715508
19715509
19715510
19715511
19715512
19715513
19715514
19715515
19715516
19715532
19715533
19715534
19715535
19715536
19715537
19715538
19715539
19715540
19715541
19715542
19715543
19715544
19715545
19715546
19715547
19715548
19715556
19715557
19715558
19715559
19715560
19720447
19720448
19720449
19720450
19720451
19720452
19720453
19720454
19720455
19720456
19720457
19720458
19720459
19720460
19720461
19720478
19720479
19720480
19720481
19720482
19720483
19720484
19720485
19720486
19720487
19720488
19720489
19720490
19720491
19720492
19720502
19720503
19720504
19720505
19725466
19725467
19725468
19725469
19725476
19725477
19725478
19725479
19725480
19725481
19725498
19725499
19725500
19725501
19725502
19725503
19725504
19725505
19725506
19725507
19730576
19730577
19730578
19730579
19730587
19730588
19730589
19730590
19730608
19730609
19730610
19730611
19730612
19730613
19730614
19730615
19730616
19730617
19735764
19735765
19735766
19735767
19735796
19735797
19735798
19735799
19735800
19735801
19735802
19735803
19735804
19735805
19735806
19735807
19740923
19740924
19740925
19740926
19740927
19740928
19740954
19740955
19740956
19740957
19740958
19740959
19740960
19740961
19740962
19740963
19740964
19740965
19740966
19740967
19740968
19740969
19740970
19740971
19740972
19740973
19740974
19740975
19746054
19746055
19746056
19746057
19746058
19746059
19746060
19746061
19746062
19746063
19746064
19746084
19746085
19746086
19746087
19746088
19746089
19746090
19746091
19746092
19746093
19746094
19746095
19746096
19746097
19746098
19746099
19746100
19746101
19746102
19746103
19746104
19746105
19746106
19746107
19751085
19751086
19751087
19751118
19751119
19751120
19751121
19751122
19751123
19751124
19751125
19751126
19751127
19751128
19751129
19751130
19751154
19751155
19751156
19751157
19751160
19751161
19751162
19751163
19751164
19751165
19751166
19751167
19751168
19751169
19751170
19751171
19756200
19756201
19756202
19756203
19756204
19756234
19756235
19756236
19756237
19756238
19756239
19756240
19756241
19756242
19756243
19756244
19756245
19756246
19756271
19756277
19756278
19756279
19756280
19756281
19756282
19756283
19756284
19756285
19756286
19756287
19756288
19756289
19761346
19761347
19761348
19761349
19761350
19761351
19761352
19761353
19761354
19761355
19761356
19761357
19761382
19761383
19761384
19761385
19761386
19761387
19761388
19761389
19761390
19761391
19761392
19761393
19761394
19761425
19761426
19761427
19761428
19761429
19761430
19761431
19761432
19761433
19761434
19761435
19761436
19761437
19766425
19766426
19766427
19766428
19766429
19766430
19766431
19766432
19766433
19766434
19766435
19766436
19766437
19766461
19766462
19766463
19766464
19766465
19766466
19766467
19766468
19766469
19766470
19766471
19766472
19766501
19766502
19766503
19766504
19766505
19766506
19766507
19766508
19766509
19766510
19766511
19766512
19766513
19771574
19771575
19771576
19771577
19771578
19771579
19771580
19771581
19771582
19771583
19771584
19771585
19771586
19771587
19771588
19771614
19771615
19771616
19771617
19771618
19771619
19771620
19771621
19771622
19771623
19771653
19771654
19771655
19771656
19771657
19771658
19771659
19771660
19771661
19771662
19776716
19776717
19776718
19776719
19776720
19776721
19776722
19776723
19776724
19776725
19776726
19776727
19776728
19776729
19776730
19776731
19776732
19776733
19776734
19776735
19776761
19776762
19776763
19776764
19776765
19776793
19776794
19776795
19776796
19776797
19776798
19776799
19776800
19781890
19781891
19781892
19781893
19781894
19781895
19781896
19781897
19781898
19781899
19781900
19781901
19781902
19781903
19781904
19781905
19781906
19781907
19781908
19781909
19781910
19781911
19781937
19781938
19781939
19781940
19781969
19781970
19781971
19781972
19781973
19787124
19787125
19787126
19787127
19787128
19787129
19787130
19787131
19787132
19787133
19787134
19787135
19787136
19787137
19787138
19787139
19787140
19787141
19787142
19787143
19787144
19787203
19792357
19792358
19792359
19792360
19792361
19792362
19792363
19792364
19792365
19792366
19792367
19792368
19792369
19792370
19792371
19792372
19792373
19792374
19792375
19792376
19792377
19792378
19792379
19792380
19797529
19797530
19797531
19797532
19797533
19797534
19797535
19797536
19797537
19797538
19797539
19797540
19797541
19797542
19797543
19797544
19797545
19797546
19797547
19797548
19797549
19797550
19797551
19797552
19802694
19802695
19802696
19802697
19802702
19802703
19802704
19802705
19802706
19802707
19802708
19802709
19802710
19802711
19802712
19802713
19802714
19802715
19802716
19802718
19802719
19807831
19807832
19807833
19807834
19807835
19807838
19807839
19807840
19807841
19807842
19807843
19807844
19807845
19807846
19807847
19807848
19812917
19812918
19812919
19812920
19812921
19812922
19812923
19812924
19812925
19818042
19818043
19818044
19818045
19818046
19818047
19818048
19823214
19823215
19823216
19823217
19823218
19828348
19828349
19833332
19833386
19833387
19838293
19838294
19838295
19838296
19843289
19843290
19843291
19843292
19843293
19843294
19848334
19848335
19848336
19848337
19848338
19848339
19848340
19848341
19853462
19853463
19853476
19853477
19853508
19853509
19853510
19853511
19853512
19853513
19853514
19853515
19853516
19853517
19858714
19858715
19858716
19858717
19858731
19858732
19858733
19858734
19858735
19858762
19858763
19858764
19858765
19858766
19858767
19858768
19858769
19858770
19858771
19863975
19863976
19863977
19863978
19863979
19864000
19864001
19864002
19864003
19864004
19864034
19864035
19864036
19864037
19864038
19864039
19864040
19864041
19864042
19869268
19869269
19869270
19869271
19869272
19869288
19869289
19869290
19869291
19869292
19869327
19869328
19869329
19869330
19869331
19869332
19869333
19874556
19874557
19874558
19874559
19874560
19874561
19874562
19874563
19874564
19874565
19874569
19874570
19874571
19874572
19874573
19874607
19874608
19874609
19874610
19874611
19879746
19879747
19879748
19879749
19879750
19879751
19879752
19879753
19879754
19879773
19879774
19879775
19879776
19879777
19879778
19879816
19879817
19879818
19884971
19884972
19884973
19884974
19884975
19884976
19884977
19884999
19885000
19885001
19885002
19885003
19885004
19890182
19890183
19890185
19890186
19890187
19890188
19890211
19890212
19890213
19890214
19890215
19890216
19890217
19895432
19895433
19895434
19895435
19895460
19895461
19895462
19895463
19895464
19895465
19895476
19900694
19900695
19900696
19900697
19900724
19900738
19900739
19900740
19900741
19900742
19905945
19905946
19905947
19905948
19905985
19905986
19905987
19905988
19905989
19905990
19905991
19911230
19911231
19911232
19911233
19911234
19911235
19911236
19911266
19911267
19911268
19911269
19911270
19911271
19911272
19911273
19911274
19911275
19916486
19916487
19916488
19916489
19916490
19916491
19916492
19916493
19916494
19916524
19916525
19916526
19916527
19916528
19916529
19916530
19916531
19916532
19916533
19916534
19916535
19916536
19916537
19916538
19921698
19921699
19921700
19921701
19921702
19921703
19921704
19921705
19921706
19921707
19921738
19921739
19921740
19921741
19921742
19921743
19921744
19921745
19921746
19921747
19921748
19921749
19921750
19921751
19921752
19921753
19921768
19921769
19921770
19921771
19926821
19926822
19926823
19926824
19926825
19926826
19926827
19926828
19926829
19926830
19926831
19926832
19926861
19926862
19926863
19926864
19926865
19926866
19926867
19926868
19926869
19926870
19926871
19926872
19926873
19926874
19926875
19926876
19926877
19926878
19926879
19926894
19926895
19926896
19926897
19926898
19926899
19931886
19931887
19931888
19931889
19931890
19931891
19931892
19931893
19931894
19931895
19931896
19931897
19931898
19931899
19931900
19931923
19931924
19931925
19931926
19931927
19931928
19931929
19931930
19931935
19931936
19931937
19931938
19931939
19931940
19931941
19931942
19931959
19931960
19931961
19931962
19931963
19936996
19936997
19936998
19936999
19937000
19937001
19937002
19937003
19937004
19937005
19937006
19937007
19937008
19937009
19937010
19937011
19937012
19937013
19937014
19937043
19937044
19937045
19937046
19937047
19937048
19937049
19937050
19937051
19937052
19937058
19937059
19937060
19937061
19937062
19937063
19937064
19937085
19937086
19942148
19942149
19942150
19942151
19942152
19942153
19942154
19942155
19942156
19942157
19942158
19942159
19942160
19942161
19942162
19942163
19942164
19942165
19942166
19942167
19942168
19942196
19942197
19942198
19942199
19942200
19942201
19942202
19942203
19942204
19942205
19942206
19942214
19942215
19942216
19942217
19942218
19942219
19947261
19947262
19947263
19947264
19947265
19947266
19947267
19947268
19947269
19947270
19947271
19947272
19947273
19947274
19947275
19947276
19947277
19947278
19947279
19947280
19947281
19947282
19947309
19947310
19947311
19947312
19947313
19947314
19947315
19947316
19947317
19947318
19947319
19947320
19947321
19947322
19947330
19947331
19947332
19947333
19947334
19947335
19952348
19952349
19952350
19952351
19952352
19952353
19952354
19952355
19952356
19952357
19952358
19952359
19952360
19952361
19952362
19952363
19952364
19952365
19952366
19952367
19952368
19952392
19952393
19952394
19952395
19952396
19952397
19952398
19952399
19952400
19952401
19952402
19952403
19952404
19952405
19952417
19952418
19952419
19952420
19952421
19957467
19957468
19957469
19957470
19957471
19957472
19957473
19957474
19957475
19957476
19957477
19957478
19957479
19957480
19957481
19957482
19957483
19957484
19957508
19957509
19957510
19957511
19957512
19957513
19957514
19957515
19957516
19957517
19957518
19957519
19957520
19957532
19957533
19957534
19957535
19957536
19957537
19962582
19962583
19962584
19962585
19962586
19962587
19962588
19962589
19962590
19962591
19962592
19962593
19962594
19962595
19962622
19962623
19962624
19962625
19962626
19962627
19962628
19962629
19962630
19962637
19962638
19962639
19962640
19962641
19962642
19962643
19962644
19967645
19967646
19967647
19967648
19967649
19967650
19967651
19967652
19967653
19967654
19967655
19967679
19967680
19967684
19967685
19967686
19967687
19967688
19967689
19967690
19967691
19967697
19967698
19967700
19967701
19967702
19967703
19967704
19972671
19972672
19972673
19972674
19972675
19972676
19972677
19972678
19972704
19972705
19972706
19972707
19972708
19972718
19972719
19972720
19972721
19972722
19972723
19972729
19972730
19972731
19972732
19972733
19972734
19972735
19972736
19972737
19972738
19977671
19977672
19977673
19977674
19977675
19977676
19977702
19977703
19977704
19977705
19977706
19977707
19977708
19977722
19977723
19977724
19977725
19977726
19977731
19977732
19977733
19977734
19977735
19977736
19977737
19977738
19977739
19977740
19977741
19977742
19982702
19982703
19982704
19982705
19982733
19982734
19982735
19982736
19982737
19982738
19982739
19982761
19982762
19982763
19982764
19982765
19982766
19982767
19982768
19982769
19982770
19982771
19982772
19987738
19987739
19987740
19987741
19987742
19987743
19987744
19987767
19987768
19987769
19987770
19987771
19987772
19987773
19987774
19987775
19987776
19987777
19987778
19992740
19992741
19992742
19992743
19992744
19992745
19992746
19992769
19992770
19992771
19992772
19992773
19992774
19992775
19992776
19992777
19992778
19992779
19997689
19997690
19997691
19997692
19997693
19997694
19997716
19997717
19997718
19997719
19997720
19997721
19997722
19997723
19997724
20002699
20002700
20002701
20002702
20002703
20002726
20002727
20002728
20002729
20007651
20007652
20007653
20007654
20007655
20007656
20007696
20007697
20012616
20012617
20012618
20012619
20012620
20012621
20012622
20012623
20012624
20012625
20012626
20012627
20012628
20012629
20012630
20012631
20012632
20017589
20017590
20017591
20017592
20017593
20017594
20017595
20017596
20017597
20017598
20017599
20017600
20017601
20017602
20017603
20022601
20022602
20022603
20022604
20022605
20022606
20022607
20022608
20022609
20022610
20022611
20022612
20022613
20022629
20022630
20022631
20022632
20022633
20022634
20027690
20027691
20027692
20027693
20027694
20027695
20027696
20027697
20027698
20027713
20027714
20027715
20027716
20027717
20027718
20027719
20027720
20032761
20032762
20032763
20032779
20032780
20032781
20032782
20032783
20032784
20032785
20032786
20037885
20037886
20037887
20037888
20037899
20037900
20037901
20037905
20037906
20037907
20037908
20037911
20037912
20037913
20037914
20037915
20037916
20042967
20042968
20042976
20042977
20042978
20042979
20042980
20042984
20042985
20042986
20042990
20042991
20042992
20042993
20042994
20048066
20048067
20048068
20048069
20048070
20048071
20048072
20048073
20048074
20048079
20048080
20048081
20048082
20048083
20048084
20048088
20048089
20053091
20053092
20053093
20053094
20053095
20053096
20053097
20053098
20053099
20053103
20053104
20053105
20053106
20053107
20053110
20053111
20053112
20053113
20058161
20058172
20058173
20058174
20058177
20058178
20058179
20058180
20058181
20058182
20058183
20063230
20063231
20063232
20063237
20063238
20063239
20063240
20063241
20063242
20068349
20068351
20068352
20068353
20068354
20068355
20068356
20073518
20073519
20073521
20073522
20073523
20073524
20073525
20073526
20078610
20078611
20078624
20078625
20078626
20078627
20078628
20083637
20083638
20083639
20083640
20083645
20083646
20083647
20083648
20083649
20088535
20088536
20088537
20088538
20088539
20088540
20088543
20088544
20088545
20088546
20088547
20093560
20093561
20093562
20093563
20093564
20093565
20093566
20093567
20093569
20093570
20093571
20093572
20098570
20098571
20098572
20098577
20098578
20098579
20098580
20098581
20098582
20098583
20098584
20103603
20103604
20103605
20103606
20103607
20103608
20103609
20103610
20103611
20103612
20103613
20103614
20103615
20103616
20103617
20103618
20103619
20103620
20108682
20108683
20108684
20108685
20108686
20108687
20108688
20108689
20108690
20108691
20108692
20108693
20108694
20108695
20108696
20108697
20108698
20108699
20108700
20108701
20113766
20113767
20113768
20113769
20113770
20113771
20113772
20113773
20113774
20113775
20113776
20113777
20113778
20113779
20113780
20113781
20113782
20113783
20113784
20113785
20113786
20113787
20113788
20113789
20118843
20118844
20118845
20118846
20118847
20118848
20118849
20118850
20118851
20118852
20118853
20118854
20118855
20118856
20118857
20118858
20118859
20118860
20118861
20118862
20118863
20118864
20118865
20118866
20118867
20118868
20118869
20118870
20118871
20118872
20123922
20123923
20123924
20123925
20123926
20123927
20123928
20123929
20123930
20123931
20123932
20123933
20123934
20123935
20123936
20123937
20123938
20123939
20123940
20123941
20123942
20123943
20123944
20123945
20123946
20123947
20123948
20123949
20123950
20123951
20123952
20123953
20123954
20123955
20123956
20123957
20128982
20128983
20128984
20128985
20128986
20128987
20128988
20128989
20128990
20128991
20128992
20128993
20128994
20128995
20128996
20128997
20128998
20128999
20129000
20129001
20129002
20129003
20129004
20129005
20129006
20129007
20129008
20129009
20129010
20129011
20129012
20129013
20129014
20129015
20129016
20134035
20134036
20134037
20134038
20134039
20134040
20134041
20134042
20134043
20134044
20134045
20134046
20134047
20134048
20134049
20134050
20134051
20134052
20134053
20134054
20134055
20134056
20134057
20134058
20134059
20134060
20134061
20134062
20134063
20134064
20134065
20134066
20134067
20134068
20139046
20139047
20139048
20139065
20139066
20139067
20139068
20139069
20139070
20139071
20139072
20139073
20139074
20139075
20139076
20139077
20139078
20139079
20139080
20139081
20139082
20139083
20139084
20139085
20139086
20139087
20139088
20139089
20139090
20139091
20139092
20139093
20139094
20139095
20139096
20139097
20144033
20144034
20144035
20144036
20144054
20144055
20144056
20144057
20144058
20144059
20144060
20144061
20144062
20144063
20144064
20144065
20144066
20144067
20144068
20144069
20144070
20144071
20144072
20144073
20144074
20144075
20144076
20144077
20144078
20144079
20144080
20144081
20144082
20149129
20149130
20149131
20149132
20149151
20149152
20149153
20149154
20149155
20149156
20149157
20149158
20149159
20149160
20149161
20149162
20149163
20149164
20149165
20149166
20149167
20149168
20149169
20149170
20149171
20149172
20149173
20149174
20149175
20149176
20149177
20149178
20149179
20154360
20154361
20154362
20154363
20154382
20154383
20154384
20154385
20154386
20154387
20154388
20154389
20154390
20154391
20154392
20154393
20154394
20154395
20154396
20154397
20154398
20154399
20154400
20154401
20154402
20154403
20154404
20154405
20154406
20154407
20154408
20154409
20154410
20154411
20159653
20159654
20159655
20159656
20159674
20159675
20159676
20159677
20159678
20159679
20159680
20159681
20159682
20159683
20159684
20159685
20159686
20159687
20159688
20159689
20159690
20159691
20159692
20159693
20159694
20159695
20159696
20159697
20159698
20159699
20159700
20159701
20159702
20159703
20164875
20164895
20164896
20164897
20164898
20164899
20164900
20164901
20164902
20164903
20164904
20164905
20164906
20164907
20164908
20164909
20164910
20164911
20164912
20164916
20164917
20164918
20164919
20164921
20164922
20164923
20164924
20170123
20170124
20170125
20170126
20170127
20170128
20170129
20170130
20170131
20170132
20170133
20170134
20170137
20170138
20175390
20175391
20175392
20175397
20180698
20180699
20196451
20196452
20196453
20201560
20201561
20201562
20201563
20201564
20201565
20201566
20201567
20206571
20206667
20206668
20206669
20206670
20206671
20206672
20206673
20206674
20211634
20211635
20211636
20211637
20211639
20211640
20211641
20211642
20211735
20211736
20211737
20211738
20211739
20211740
20216731
20216732
20216733
20216734
20216737
20216738
20216739
20216740
20216741
20216742
20216834
20216835
20221864
20221872
20221873
20221874
20221875
20221876
20221879
20221880
20221881
20221882
20221883
20221884
20221976
20226954
20226955
20226956
20226957
20226961
20226962
20226963
20226964
20226965
20226966
20226967
20226968
20226969
20226970
20226971
20226972
20226973
20226974
20226975
20232027
20232028
20232029
20232030
20232031
20232032
20232033
20232034
20232035
20232036
20232037
20232038
20232039
20232040
20232041
20232042
20232043
20232044
20232045
20232046
20232047
20232048
20232049
20232050
20237053
20237054
20237055
20237056
20237057
20237058
20237059
20237060
20237061
20237062
20237063
20237064
20237065
20237066
20237067
20237068
20237069
20237070
20237071
20237072
20237073
20242107
20242110
20247232
20247233
20247234
20247235
20247236
20247237
20247238
20247239
20247240
20247241
20247242
20247243
20247244
20247245
20247246
20247247
20247248
20247249
20247254
20247255
20247256
20252497
20252498
20252499
20252500
20252501
20252502
20252503
20252504
20252505
20252506
20252507
20252508
20252509
20252510
20252511
20252512
20252513
20252514
20252515
20257802
20257803
20257804
20257805
20257806
20257807
20257808
20257809
20257810
20257811
20257812
20257813
20257814
20257815
20257816
20257817
20257818
20257819
20257820
20257821
20263134
20263135
20263136
20263137
20263138
20263139
20263140
20263141
20263142
20263143
20263144
20263145
20263146
20263147
20263148
20263149
20263150
20263151
20263152
20263153
20263154
20263155
20268471
20268472
20268473
20268474
20268475
20268476
20268477
20268478
20268479
20268480
20268481
20268482
20268483
20268484
20268485
20268486
20268487
20268488
20268489
20268490
20273936
20273937
20273938
20273939
20273940
20273941
20273942
20273943
20273944
20273945
20273946
20273947
20273948
20273949
20273950
20273951
20273952
20273953
20273954
20273955
20279434
20279435
20279436
20279437
20279438
20279439
20279440
20279441
20279442
20279443
20279444
20279445
20279446
20279447
20279448
20279449
20279450
20279451
20279452
20279453
20279454
20279455
20279456
20284992
20284993
20284994
20284995
20284996
20284997
20284998
20284999
20285000
20285001
20285002
20285003
20285004
20285005
20285006
20285007
20285008
20285009
20285010
20285011
20285012
20285013
20285014
20290619
20290620
20290621
20290622
20290623
20290624
20290625
20290626
20290627
20290628
20290629
20290630
20290631
20290632
20290633
20290634
20290635
20290636
20290637
20290638
20290639
20290640
20290641
20290735
20290736
20290737
20296269
20296270
20296271
20296272
20296273
20296274
20296275
20296276
20296277
20296278
20296279
20296280
20296281
20296282
20296283
20296284
20296285
20296286
20296287
20296288
20296289
20296290
20296291
20296292
20296293
20296294
20296386
20296387
20296388
20296389
20301992
20301993
20301994
20301995
20301996
20301997
20301998
20301999
20302000
20302001
20302002
20302003
20302004
20302005
20302006
20302007
20302008
20302009
20302010
20302011
20302012
20302013
20302014
20302015
20302016
20302017
20302111
20302112
20302113
20302114
20302115
20302116
20302117
20307876
20307877
20307878
20307879
20307880
20307881
20307882
20307883
20307884
20307885
20307886
20307887
20307888
20307889
20307890
20307891
20307892
20307893
20307894
20307895
20307896
20307897
20307898
20307899
20307900
20307901
20307996
20307997
20307998
20307999
20308000
20308001
20308002
20308003
20308005
20308006
20308007
20313823
20313824
20313825
20313826
20313827
20313828
20313829
20313830
20313831
20313832
20313833
20313834
20313835
20313836
20313837
20313838
20313839
20313840
20313841
20313842
20313843
20313844
20313845
20313846
20313847
20313848
20313851
20313943
20313944
20313945
20313946
20313947
20313948
20313949
20313950
20313951
20319877
20319878
20319879
20319880
20319881
20319882
20319883
20319884
20319885
20319886
20319887
20319888
20319889
20319890
20319891
20319892
20319893
20319894
20319895
20319896
20319897
20319898
20319899
20319900
20319901
20319902
20319903
20320001
20320002
20320003
20320004
20320005
20320006
20320007
20320008
20325930
20325931
20325937
20325938
20325939
20325940
20325941
20325942
20325943
20325944
20325945
20325946
20325947
20325948
20325949
20325950
20325951
20325952
20325953
20325954
20325955
20325956
20325957
20325958
20325959
20325960
20325961
20325962
20325963
20326067
20326068
20326069
20326070
20326071
20326072
20326073
20331924
20331925
20331926
20331927
20331928
20331931
20331932
20331933
20331934
20331935
20331936
20331937
20331938
20331939
20331940
20331941
20331942
20331943
20331944
20331945
20331946
20331947
20331948
20331949
20331950
20331951
20331952
20331953
20331954
20331955
20331956
20331957
20332058
20332059
20332060
20332061
20337982
20337983
20337984
20337985
20337986
20337987
20337988
20337989
20337990
20337991
20337992
20337993
20337994
20337995
20337996
20337997
20337998
20337999
20338000
20338001
20338002
20338003
20338004
20338005
20338006
20338007
20338008
20338009
20338010
20338011
20338012
20338098
20338099
20338102
20338103
20338104
20344134
20344135
20344136
20344137
20344138
20344139
20344140
20344141
20344142
20344143
20344144
20344145
20344146
20344147
20344148
20344149
20344150
20350267
20350268
20350269
20350270
20350271
20350272
20350273
20350274
20350275
20350276
20350277
20350278
20350279
20350280
20350281
20350282
20350283
20350284
20350285
20350286
20350287
20350288
20350289
20350290
20350291
20350292
20350293
20350294
20356320
20356321
20356322
20356323
20356324
20356325
20356326
20356327
20356328
20356329
20356330
20356331
20356332
20356333
20356334
20356335
20356336
20356337
20356338
20356339
20356340
20356341
20356342
20356343
20356344
20356345
20356346
20356347
20356348
20356349
20356350
20356351
20356352
20356353
20356354
20356355
20356356
20362414
20362415
20362416
20362417
20362418
20362419
20362420
20362421
20362422
20362423
20362424
20362425
20362426
20362427
20362428
20362429
20362430
20362431
20362432
20362433
20362434
20362435
20362436
20362437
20362438
20362439
20362440
20362441
20362442
20362443
20362444
20362445
20362446
20362447
20362448
20362449
20362450
20368623
20368624
20368625
20368626
20368627
20368628
20368629
20368630
20368631
20368632
20368633
20368634
20368635
20368636
20368637
20368638
20368639
20368640
20368641
20368642
20368643
20368644
20368645
20368646
20368647
20368648
20368649
20368650
20368651
20368652
20368653
20368654
20368655
20368656
20368657
20368658
20368659
20368660
20374788
20374792
20374793
20374794
20374795
20374796
20374797
20374798
20374799
20374800
20374801
20374802
20374803
20374804
20374805
20374806
20374807
20374808
20374809
20374810
20374811
20374812
20374813
20374814
20374815
20374816
20374817
20374818
20374819
20374820
20374821
20374822
20374823
20374824
20374825
20374826
20374827
20374828
20374829
20380919
20380920
20380921
20380922
20380923
20380924
20380925
20380926
20380927
20380928
20380929
20380930
20380931
20380932
20380933
20380934
20380935
20380936
20380937
20380938
20380939
20380940
20380941
20380942
20380943
20380944
20380945
20380946
20380947
20380948
20380949
20380950
20380951
20380952
20380953
20380954
20380955
20380956
20387052
20387053
20387054
20387055
20387056
20387057
20387058
20387059
20387060
20387061
20387062
20387063
20387064
20387065
20387066
20387067
20387068
20387069
20387070
20387071
20387072
20387073
20387074
20387075
20387076
20387077
20387078
20387079
20387080
20387081
20387082
20387083
20387084
20387085
20387086
20387087
20393203
20393204
20393205
20393206
20393207
20393208
20393209
20393210
20393211
20393212
20393213
20393214
20393215
20393216
20393217
20393218
20393219
20393220
20393221
20393222
20393223
20393224
20393225
20393226
20393227
20393228
20393229
20393230
20393231
20393232
20393233
20393234
20393235
20393236
20393237
20393238
20393239
20393240
20399354
20399355
20399356
20399357
20399358
20399359
20399360
20399361
20399362
20399363
20399364
20399365
20399366
20399367
20399368
20399369
20399370
20399371
20399372
20399373
20399374
20399375
20399376
20399377
20399378
20399379
20399380
20399381
20399382
20399383
20399384
20399385
20399386
20399387
20399388
20399389
20399390
20399391
20405481
20405482
20405483
20405484
20405485
20405486
20405487
20405488
20405489
20405490
20405491
20405492
20405493
20405494
20405495
20405496
20405497
20405498
20405499
20405500
20405501
20405502
20405503
20405504
20405505
20405506
20405507
20405508
20405509
20405510
20405511
20405512
20405513
20405514
20405515
20405516
20405517
20405521
20411574
20411575
20411576
20411577
20411578
20411579
20411580
20411581
20411582
20411583
20411584
20411585
20411586
20411587
20411588
20411589
20411590
20411591
20411592
20411593
20411594
20411595
20411596
20411597
20411598
20411599
20411600
20411601
20411602
20411603
20411604
20411605
20411606
20411610
20411611
20411612
20411613
20411614
20411617
20411618
20417631
20417632
20417633
20417634
20417635
20417636
20417637
20417638
20417639
20417640
20417641
20417642
20417643
20417644
20417645
20417646
20417647
20417648
20417649
20417650
20417651
20417652
20417653
20417654
20417655
20417656
20417657
20417660
20417661
20417662
20417663
20417664
20417665
20417667
20417668
20417669
20417670
20423571
20423572
20423573
20423574
20423575
20423576
20423577
20423578
20423579
20423580
20423581
20423582
20423583
20423584
20423585
20423586
20423587
20423588
20423589
20423590
20423591
20423592
20423593
20423594
20423595
20423596
20423597
20423600
20423601
20423602
20423603
20423604
20423605
20423606
20423608
20423609
20423610
20423611
20429500
20429501
20429502
20429503
20429504
20429505
20429506
20429507
20429508
20429509
20429510
20429511
20429512
20429513
20429514
20429515
20429516
20429517
20429518
20429519
20429520
20429521
20429522
20429525
20429526
20429527
20429528
20429529
20429530
20429532
20429533
20429534
20429535
20429536
20429537
20429538
20429539
20429541
20429542
20429543
20429544
20429588
20429589
20435359
20435360
20435361
20435362
20435363
20435364
20435365
20435366
20435367
20435370
20435371
20435372
20435373
20435374
20435384
20435385
20435386
20435390
20435391
20435393
20435394
20435404
20435405
20435406
20435407
20435449
20435450
20435451
20435452
20441284
20441285
20441286
20441306
20441307
20441308
20441324
20441325
20441326
20441327
20441333
20441367
20441368
20441369
20441370
20441371
20447181
20447182
20447183
20447184
20447207
20447208
20447209
20447210
20447218
20447222
20447223
20447224
20447225
20447226
20447227
20447228
20447229
20447230
20447231
20447232
20447267
20447268
20447269
20447270
20453063
20453064
20453065
20453066
20453067
20453092
20453103
20453104
20453105
20453106
20453107
20453109
20453110
20453113
20453114
20453115
20453116
20453117
20453118
20453188
20453189
20453190
20458919
20458920
20458930
20458931
20458932
20458933
20458934
20458971
20458972
20458973
20458974
20458975
20458977
20458982
20458983
20458984
20458985
20458986
20458987
20459014
20459057
20459058
20459059
20464750
20464751
20464752
20464753
20464762
20464763
20464764
20464765
20464766
20464805
20464806
20464807
20464808
20464815
20464816
20464817
20464818
20464819
20464820
20464845
20464846
20464847
20464888
20470664
20470665
20470666
20470667
20470676
20470677
20470678
20470679
20470680
20470718
20470719
20470720
20470721
20470727
20470728
20470729
20470730
20470731
20470732
20470733
20470758
20470759
20470760
20470761
20470802
20476595
20476596
20476597
20476598
20476599
20476600
20476601
20476602
20476603
20476604
20476609
20476610
20476611
20476612
20476613
20476614
20476615
20476650
20476651
20476652
20476659
20476660
20476661
20476662
20476663
20476664
20476692
20476693
20476694
20476695
20476696
20476697
20476698
20476699
20476737
20482548
20482549
20482550
20482551
20482552
20482553
20482554
20482555
20482556
20482557
20482558
20482559
20482560
20482561
20482562
20482563
20482564
20482565
20482566
20482567
20482568
20482569
20482570
20482571
20482572
20482573
20482574
20482611
20482612
20482613
20482614
20482615
20482616
20482647
20482648
20482649
20482650
20482651
20482652
20482653
20482654
20482655
20482656
20482698
20482699
20482700
20488542
20488543
20488544
20488545
20488546
20488547
20488548
20488549
20488550
20488551
20488552
20488553
20488554
20488555
20488556
20488557
20488558
20488559
20488560
20488561
20488562
20488563
20488564
20488565
20488566
20488600
20488601
20488602
20488603
20488604
20488605
20488634
20488635
20488636
20488637
20488638
20488639
20488640
20488641
20488642
20488643
20488644
20488645
20488680
20488681
20488682
20494535
20494536
20494537
20494538
20494539
20494540
20494541
20494542
20494543
20494544
20494545
20494546
20494547
20494548
20494549
20494550
20494551
20494552
20494553
20494554
20494555
20494556
20494557
20494558
20494559
20494560
20494593
20494594
20494595
20494596
20494597
20494598
20494628
20494629
20494630
20494631
20494632
20494633
20494634
20494635
20494636
20494637
20494638
20494666
20494667
20494668
20500522
20500523
20500524
20500525
20500526
20500527
20500528
20500529
20500530
20500531
20500532
20500533
20500534
20500535
20500536
20500537
20500538
20500539
20500540
20500541
20500542
20500543
20500544
20500545
20500546
20500547
20500581
20500582
20500583
20500584
20500585
20500586
20500618
20500619
20500620
20500621
20500622
20500623
20500624
20500625
20500626
20500627
20500628
20500629
20500657
20500658
20500659
20506499
20506500
20506501
20506502
20506503
20506504
20506505
20506506
20506507
20506508
20506509
20506510
20506511
20506512
20506513
20506514
20506515
20506516
20506517
20506518
20506519
20506520
20506521
20506558
20506559
20506560
20506561
20506562
20506594
20506595
20506596
20506597
20506598
20506599
20506600
20506601
20506602
20506603
20506604
20506605
20506606
20506629
20506630
20506631
20512453
20512454
20512455
20512456
20512457
20512458
20512459
20512460
20512461
20512462
20512463
20512464
20512465
20512467
20512468
20512469
20512470
20512471
20512472
20512473
20512474
20512514
20512515
20512543
20512544
20512546
20512547
20512548
20512549
20512550
20512551
20512552
20512553
20512554
20512557
20512558
20512580
20512581
20512582
20518402
20518403
20518404
20518405
20518406
20518407
20518408
20518409
20518410
20518411
20518412
20518418
20518419
20518420
20518421
20518422
20518423
20518492
20518493
20518494
20518495
20518496
20518497
20518498
20518499
20518500
20518501
20518502
20518503
20518522
20518523
20518524
20518528
20518529
20518530
20518531
20524336
20524337
20524338
20524339
20524340
20524341
20524342
20524343
20524344
20524345
20524352
20524353
20524354
20524355
20524356
20524357
20524421
20524426
20524427
20524428
20524429
20524430
20524431
20524432
20524433
20524434
20524435
20524436
20524455
20524456
20524457
20524458
20524459
20524460
20524461
20524462
20524463
20530226
20530227
20530228
20530229
20530230
20530231
20530232
20530233
20530234
20530235
20530239
20530240
20530241
20530242
20530243
20530244
20530245
20530307
20530308
20530309
20530310
20530311
20530312
20530313
20530314
20530315
20530316
20530317
20530318
20530319
20530320
20530321
20530322
20530339
20530340
20530341
20530342
20530343
20530344
20536064
20536065
20536066
20536067
20536068
20536069
20536070
20536075
20536076
20536077
20536078
20536079
20536142
20536143
20536144
20536145
20536146
20536147
20536148
20536149
20536150
20536151
20536152
20536153
20536154
20536155
20536156
20536157
20536158
20536176
20536177
20536178
20541859
20541860
20541861
20541862
20541863
20541865
20541866
20541867
20541868
20541928
20541929
20541930
20541931
20541932
20541933
20541934
20541935
20541936
20541937
20541938
20541939
20541940
20541941
20541942
20541943
20541944
20541945
20541959
20541960
20541961
20541962
20541963
20541964
20541965
20547642
20547643
20547644
20547645
20547707
20547708
20547709
20547710
20547711
20547712
20547713
20547714
20547715
20547716
20547717
20547718
20547719
20547720
20547721
20547722
20547723
20547724
20553466
20553467
20553468
20553469
20553534
20553535
20553536
20553537
20553538
20553539
20553540
20553541
20553542
20553543
20553544
20553545
20553546
20553547
20553548
20553549
20553550
20553551
20559296
20559297
20559298
20559364
20559365
20559366
20559367
20559368
20559369
20559370
20559371
20559372
20559373
20559374
20559375
20559376
20559377
20559378
20559379
20559380
20559381
20559382
20565160
20565161
20565162
20565163
20565164
20565165
20565166
20565167
20565168
20565169
20565170
20565171
20565172
20565173
20565174
20565175
20565176
20570942
20570943
20570944
20570945
20571006
20571007
20571008
20571009
20571010
20571011
20571012
20571013
20571014
20571015
20571016
20571017
20571018
20571019
20571020
20571038
20571039
20576785
20576786
20576787
20576788
20576789
20576854
20576855
20576856
20576857
20576860
20576861
20576862
20576880
20576881
20576882
20582569
20582570
20582571
20582572
20582573
20582574
20582575
20582576
20582577
20582645
20582661
20582662
20582663
20582664
20582665
20588284
20588285
20588286
20588287
20588288
20588289
20588290
20588291
20588292
20588293
20588294
20588295
20588379
20588380
20588381
20588382
20594096
20594097
20594098
20594099
20594100
20594101
20594102
20594103
20594104
20594105
20594106
20594107
20594108
20594194
20594195
20594196
20594197
20599855
20599856
20599857
20599858
20599859
20599860
20599861
20599862
20599863
20599864
20599865
20599948
20599955
20599956
20599957
20599958
20599959
20599960
20599961
20599962
20605613
20605614
20605615
20605621
20605622
20605623
20605624
20605625
20605626
20605627
20605628
20605629
20605713
20605714
20605715
20605716
20605717
20605718
20605719
20605720
20611448
20611449
20611450
20611458
20611459
20611460
20611461
20611462
20611550
20611551
20611552
20611553
20611554
20611555
20611556
20611557
20611558
20611559
20611560
20611561
20617317
20617318
20617319
20617320
20617321
20617330
20617331
20617332
20617333
20617418
20617419
20617420
20617421
20617422
20617423
20617424
20617425
20617426
20617427
20617428
20617429
20617430
20617431
20617432
20623301
20623302
20623303
20623304
20623305
20623306
20623316
20623317
20623405
20623406
20623407
20623408
20623409
20623410
20623411
20623412
20623413
20623414
20623415
20623416
20623417
20623418
20623419
20623420
20623421
20629335
20629336
20629337
20629338
20629339
20629340
20629341
20629352
20629441
20629442
20629443
20629444
20629445
20629446
20629447
20629448
20629449
20629450
20629451
20629452
20629453
20629454
20629455
20629456
20629457
20629458
20635404
20635405
20635406
20635407
20635408
20635409
20635410
20635411
20635511
20635512
20635513
20635514
20635515
20635516
20635517
20635518
20635519
20635520
20635521
20635522
20635523
20635524
20635525
20635526
20635527
20635528
20635529
20641517
20641518
20641519
20641520
20641521
20641522
20641523
20641524
20641525
20641526
20641527
20641528
20641626
20641627
20641628
20641629
20641630
20641631
20641632
20641633
20641634
20641635
20641636
20641637
20641638
20641639
20641640
20641641
20641642
20641643
20641644
20641645
20641646
20641647
20647723
20647724
20647725
20647726
20647727
20647728
20647729
20647730
20647731
20647732
20647733
20647734
20647836
20647837
20647838
20647839
20647840
20647841
20647842
20647843
20647844
20647845
20647846
20647847
20647848
20647849
20647850
20647851
20647852
20647853
20647854
20647855
20647856
20653920
20653921
20653922
20653923
20653924
20653925
20653926
20653927
20653928
20654029
20654030
20654031
20654032
20654033
20654034
20654035
20654036
20654037
20654038
20654039
20654040
20654041
20654042
20654043
20654044
20654045
20654046
20654047
20654048
20654049
20660058
20660059
20660060
20660061
20660062
20660165
20660166
20660167
20660168
20660169
20660170
20660171
20660172
20660173
20660174
20660175
20660176
20660177
20660178
20660179
20660180
20660181
20660182
20660183
20666403
20666404
20666405
20666406
20666407
20666408
20666409
20666410
20666411
20666412
20666413
20666414
20666415
20666416
20666417
20666418
20666419
20672552
20672675
20672676
20672677
20672678
20672679
20672680
20672681
20672682
20672683
20672684
20672685
20672686
20672687
20672688
20672689
20672690
20672691
20672692
20672693
20678768
20678769
20678892
20678893
20678894
20678895
20678896
20678897
20678898
20678899
20678900
20678901
20678902
20678903
20678904
20678905
20678906
20678907
20678908
20678909
20678910
20684994
20684995
20684998
20684999
20685000
20685001
20685129
20685130
20685131
20685132
20685133
20685134
20685135
20685136
20685137
20685138
20685139
20685140
20685141
20685142
20685143
20685144
20685145
20691224
20691225
20691226
20691227
20691228
20691229
20691234
20691235
20691236
20691237
20691238
20691239
20691364
20691365
20691366
20691367
20691368
20691369
20691370
20691371
20691372
20691373
20691374
20691375
20691376
20691377
20691378
20691379
20691380
20691381
20691382
20697447
20697448
20697449
20697450
20697451
20697452
20697453
20697454
20697455
20697456
20697458
20697459
20697460
20697461
20697462
20697463
20697464
20697465
20697586
20697587
20697588
20697589
20697590
20697591
20697592
20697593
20697594
20697595
20697596
20697597
20697598
20697599
20697600
20697601
20697602
20697603
20703571
20703572
20703573
20703574
20703575
20703576
20703577
20703578
20703579
20703580
20703581
20703582
20703583
20703584
20703585
20703586
20703587
20703588
20703589
20703590
20703709
20703710
20703711
20703712
20703713
20703714
20703715
20703716
20703717
20703718
20703719
20703720
20703721
20703722
20703723
20703724
20709592
20709593
20709594
20709595
20709596
20709597
20709598
20709599
20709600
20709601
20709602
20709603
20709604
20709605
20709606
20709607
20709608
20709609
20709610
20709611
20709737
20709738
20709739
20709740
20709741
20709742
20709743
20709744
20709745
20709746
20709747
20709748
20709749
20709750
20709751
20709752
20715541
20715542
20715543
20715544
20715545
20715546
20715547
20715548
20715549
20715550
20715551
20715552
20715553
20715554
20715555
20715556
20715557
20715558
20715559
20715560
20715561
20715562
20715563
20715564
20715692
20715693
20715694
20715695
20715696
20715697
20715698
20715699
20715700
20715701
20715702
20715703
20715704
20715705
20715706
20715707
20715708
20715709
20721613
20721614
20721615
20721616
20721617
20721618
20721619
20721620
20721621
20721622
20721623
20721624
20721625
20721626
20721627
20721628
20721629
20721630
20721631
20721632
20721633
20721634
20721635
20721636
20721637
20721638
20721653
20721764
20721765
20721766
20721770
20721771
20721772
20721773
20721774
20721775
20721776
20721777
20721778
20721779
20721780
20727632
20727633
20727634
20727635
20727636
20727637
20727638
20727639
20727640
20727641
20727642
20727643
20727644
20727645
20727646
20727648
20727649
20727650
20727651
20727652
20727653
20727654
20727655
20727656
20727657
20727658
20727669
20727670
20727671
20727672
20727779
20727780
20727791
20727792
20727793
20733694
20733695
20733696
20733697
20733698
20733699
20733700
20733701
20733702
20733703
20733704
20733705
20733706
20733707
20733710
20733711
20733712
20733713
20733714
20733715
20733716
20733717
20733718
20733719
20733720
20733721
20733722
20733732
20733733
20733734
20733735
20733736
20733856
20733857
20739831
20739832
20739833
20739834
20739835
20739836
20739837
20739838
20739839
20739840
20739841
20739842
20739843
20739844
20739848
20739849
20739850
20739851
20739852
20739853
20739854
20739855
20739856
20739857
20739858
20739859
20739860
20739865
20739866
20739867
20739868
20739869
20739870
20739871
20739872
20739982
20745986
20745987
20745988
20745989
20745990
20745991
20745992
20745993
20745994
20745995
20745996
20745997
20745998
20746002
20746003
20746004
20746005
20746006
20746007
20746008
20746009
20746010
20746011
20746012
20746013
20746014
20746015
20746016
20746021
20746022
20746023
20746024
20746025
20752018
20752019
20752020
20752021
20752022
20752023
20752026
20752027
20752028
20752029
20752030
20752031
20752032
20752033
20752034
20752035
20752036
20752037
20752038
20752043
20752044
20752045
20752046
20752047
20752048
20752049
20752050
20752051
20752052
20752053
20752054
20752055
20752056
20752057
20752058
20752059
20752060
20752061
20752063
20752064
20752065
20752066
20752067
20752068
20758054
20758055
20758056
20758057
20758058
20758059
20758060
20758061
20758062
20758063
20758064
20758065
20758066
20758067
20758068
20758069
20758070
20758071
20758072
20758079
20758080
20758081
20758082
20758083
20758084
20758085
20758086
20758087
20758088
20758089
20758090
20758091
20758092
20758093
20758094
20758095
20758096
20758097
20758098
20758099
20758100
20758101
20758102
20758103
20758104
20758105
20758106
20758107
20764036
20764037
20764038
20764039
20764040
20764041
20764042
20764043
20764044
20764045
20764048
20764049
20764050
20764051
20764063
20764064
20764065
20764066
20764067
20764068
20764069
20764070
20764071
20764072
20764073
20764074
20764075
20764076
20764077
20764078
20764079
20764080
20764081
20764082
20764083
20764084
20764085
20764086
20764087
20764088
20764089
20764090
20769849
20769850
20769851
20769852
20769853
20769854
20769855
20769856
20769857
20769858
20769859
20769860
20769861
20769879
20769880
20769881
20769882
20769883
20769884
20769885
20769886
20769887
20769888
20769889
20769890
20769891
20769892
20769893
20769894
20769895
20769896
20769897
20769898
20769899
20769900
20769901
20769902
20769903
20769904
20769905
20769906
20769907
20769908
20775657
20775658
20775659
20775660
20775661
20775662
20775663
20775664
20775665
20775666
20775667
20775668
20775669
20775670
20775671
20775689
20775690
20775691
20775692
20775693
20775694
20775695
20775696
20775697
20775698
20775699
20775700
20775701
20775702
20775703
20775704
20775705
20775706
20775707
20775708
20775709
20775710
20775711
20775712
20775713
20775714
20775715
20775716
20775717
20775718
20775755
20781374
20781375
20781376
20781377
20781378
20781379
20781380
20781381
20781382
20781383
20781384
20781385
20781386
20781387
20781388
20781389
20781390
20781391
20781413
20781414
20781415
20781416
20781417
20781418
20781419
20781420
20781421
20781422
20781423
20781424
20781425
20781426
20781427
20781428
20781429
20781430
20781431
20781432
20781433
20781434
20781435
20781436
20781437
20781438
20781439
20781475
20781476
20781477
20787136
20787137
20787138
20787139
20787140
20787141
20787142
20787143
20787144
20787145
20787146
20787147
20787148
20787149
20787150
20787151
20787152
20787153
20787154
20787155
20787156
20787175
20787176
20787177
20787178
20787179
20787180
20787181
20787182
20787183
20787184
20787185
20787186
20787187
20787188
20787189
20787190
20787191
20787192
20787193
20787235
20787236
20787237
20787238
20787239
20792967
20792968
20792969
20792970
20792971
20792972
20792973
20792974
20792975
20792976
20792977
20792978
20792979
20792980
20792981
20792982
20792983
20792984
20792985
20792986
20792987
20793004
20793005
20793006
20793007
20793008
20793009
20793010
20793011
20793012
20793013
20793014
20793015
20793016
20793017
20793018
20793019
20793020
20793021
20793069
20793070
20793071
20793072
20793073
20793074
20793075
20798831
20798832
20798833
20798834
20798835
20798836
20798837
20798838
20798839
20798840
20798841
20798842
20798843
20798844
20798845
20798846
20798847
20798848
20798849
20798850
20798866
20798867
20798868
20798869
20798870
20798871
20798872
20798873
20798874
20798875
20798876
20798877
20798878
20798879
20798880
20798881
20798882
20798883
20798884
20798885
20798939
20798940
20798941
20798942
20798943
20798944
20798945
20804824
20804825
20804826
20804827
20804828
20804829
20804830
20804831
20804832
20804833
20804834
20804835
20804836
20804837
20804838
20804839
20804840
20804841
20804842
20804859
20804860
20804861
20804862
20804863
20804864
20804865
20804866
20804867
20804868
20804869
20804870
20804871
20804872
20804873
20804874
20804875
20804876
20804930
20804931
20804932
20804933
20804934
20804935
20804936
20810844
20810845
20810846
20810847
20810848
20810849
20810850
20810851
20810852
20810853
20810854
20810855
20810856
20810857
20810858
20810859
20810860
20810880
20810881
20810882
20810883
20810884
20810885
20810886
20810887
20810888
20810889
20810890
20810891
20810892
20810893
20810948
20810949
20810950
20810951
20810952
20810953
20810954
20816855
20816856
20816857
20816858
20816859
20816860
20816861
20816862
20816863
20816864
20816865
20816866
20816867
20816868
20816869
20816888
20816889
20816890
20816891
20816892
20816893
20816894
20816895
20816896
20816897
20816898
20816899
20816900
20816901
20816950
20816951
20816952
20816954
20816955
20816956
20816957
20822900
20822901
20822902
20822903
20822904
20822905
20822906
20822907
20822908
20822909
20822938
20822939
20822940
20822941
20822942
20822943
20822944
20822945
20822946
20822947
20822948
20822949
20822950
20822951
20823000
20823001
20823005
20823006
20823007
20828912
20828913
20828914
20828915
20828916
20828917
20828955
20828956
20828957
20828958
20828959
20828960
20828961
20828962
20828963
20828964
20828965
20828966
20828967
20828968
20829021
20834857
20834858
20834859
20834897
20834898
20834899
20834900
20834901
20834902
20834903
20834904
20834905
20834906
20834910
20834962
20834963
20840740
20840741
20840753
20840754
20840755
20840782
20840783
20840784
20840785
20840786
20840787
20840793
20840794
20840795
20840796
20840799
20840800
20840839
20840840
20846640
20846650
20846651
20846652
20846653
20846654
20846682
20846683
20846684
20846686
20846687
20846688
20846689
20846690
20846691
20846692
20846693
20846694
20846695
20846696
20846697
20846698
20846699
20846700
20846701
20846702
20846750
20846751
20852530
20852531
20852532
20852533
20852534
20852535
20852536
20852537
20852538
20852566
20852567
20852568
20852569
20852570
20852571
20852572
20852573
20852574
20852575
20852576
20852577
20852578
20852579
20852580
20852581
20852582
20852583
20852584
20852585
20852586
20852587
20852640
20852641
20852642
20858355
20858356
20858357
20858364
20858365
20858366
20858367
20858368
20858369
20858370
20858371
20858372
20858373
20858374
20858399
20858400
20858401
20858402
20858403
20858404
20858405
20858406
20858407
20858408
20858409
20858410
20858411
20858412
20858413
20858414
20858415
20858416
20858417
20858418
20858419
20858420
20858421
20858474
20864225
20864226
20864227
20864228
20864234
20864235
20864236
20864237
20864238
20864239
20864240
20864241
20864242
20864243
20864244
20864245
20864246
20864270
20864271
20864272
20864273
20864274
20864275
20864276
20864277
20864278
20864279
20864280
20864281
20864282
20864283
20864284
20864285
20864286
20864287
20864288
20864289
20864290
20864291
20870063
20870064
20870065
20870066
20870073
20870074
20870075
20870078
20870079
20870080
20870081
20870082
20870083
20870084
20870085
20870086
20870087
20870088
20870089
20870090
20870091
20870092
20870093
20870118
20870119
20870120
20870121
20870122
20870123
20870124
20870125
20870126
20870127
20870128
20870129
20870130
20870131
20870132
20870133
20870134
20870135
20870136
20870137
20870138
20870139
20870140
20875828
20875829
20875830
20875831
20875832
20875833
20875834
20875840
20875841
20875842
20875843
20875844
20875845
20875846
20875847
20875848
20875849
20875850
20875851
20875852
20875853
20875854
20875855
20875856
20875857
20875858
20875859
20875860
20875885
20875886
20875887
20875888
20875889
20875890
20875891
20875892
20875893
20875894
20875895
20875896
20875897
20875898
20875899
20875900
20875901
20875902
20875904
20875966
20875967
20881616
20881617
20881618
20881619
20881620
20881621
20881622
20881623
20881624
20881625
20881626
20881627
20881628
20881629
20881630
20881631
20881632
20881633
20881634
20881635
20881636
20881637
20881638
20881639
20881640
20881641
20881642
20881643
20881644
20881645
20881646
20881647
20881672
20881673
20881674
20881675
20881676
20881677
20881678
20881679
20881680
20881681
20881682
20881683
20881684
20881685
20881686
20881687
20881688
20881753
20881754
20881755
20881756
20881757
20887407
20887408
20887409
20887410
20887411
20887412
20887413
20887414
20887415
20887416
20887417
20887418
20887419
20887420
20887421
20887422
20887423
20887424
20887425
20887426
20887427
20887428
20887429
20887430
20887431
20887432
20887433
20887434
20887435
20887459
20887460
20887461
20887462
20887463
20887464
20887465
20887466
20887467
20887468
20887469
20887470
20887471
20887472
20887473
20887474
20887475
20887476
20887477
20887541
20887542
20887543
20887544
20887545
20887546
20893184
20893189
20893190
20893191
20893192
20893193
20893194
20893195
20893196
20893197
20893198
20893199
20893200
20893201
20893202
20893203
20893204
20893205
20893206
20893207
20893208
20893209
20893210
20893211
20893212
20893213
20893214
20893215
20893216
20893217
20893241
20893242
20893243
20893244
20893245
20893246
20893247
20893248
20893249
20893250
20893251
20893252
20893253
20893254
20893255
20893256
20893257
20893258
20893259
20893324
20893325
20893326
20893327
20898973
20898974
20898979
20898980
20898981
20898982
20898983
20898984
20898985
20898986
20898987
20898988
20898989
20898990
20898991
20898992
20898993
20898994
20898995
20898996
20898997
20898998
20898999
20899000
20899001
20899002
20899003
20899004
20899025
20899026
20899027
20899028
20899029
20899030
20899031
20899032
20899033
20899034
20899035
20899036
20899037
20899038
20899039
20899040
20899041
20899042
20899043
20899044
20899045
20899114
20899115
20904809
20904810
20904811
20904812
20904815
20904816
20904817
20904818
20904819
20904820
20904821
20904822
20904823
20904824
20904825
20904826
20904827
20904828
20904829
20904830
20904831
20904832
20904833
20904834
20904835
20904836
20904837
20904855
20904856
20904857
20904858
20904859
20904860
20904861
20904862
20904863
20904864
20904865
20904866
20904867
20904868
20904869
20904870
20904871
20904872
20904873
20904874
20904875
20904876
20904877
20904878
20910642
20910643
20910644
20910645
20910646
20910648
20910649
20910650
20910651
20910652
20910653
20910654
20910655
20910656
20910657
20910658
20910659
20910660
20910661
20910662
20910663
20910664
20910665
20910666
20910683
20910684
20910685
20910688
20910689
20910690
20910691
20910692
20910693
20910694
20910695
20910696
20910697
20910698
20910699
20910700
20910701
20910702
20910703
20910704
20910705
20910706
20910707
20910708
20910709
20910710
20916441
20916442
20916443
20916444
20916445
20916446
20916447
20916448
20916449
20916450
20916451
20916452
20916453
20916454
20916455
20916456
20916457
20916458
20916459
20916460
20916461
20916462
20916463
20916478
20916479
20916480
20916481
20916482
20916483
20916484
20916485
20916486
20916487
20916488
20916489
20916490
20916491
20916492
20916493
20916494
20916495
20916496
20916497
20916498
20916499
20916500
20916501
20916502
20916503
20916504
20916505
20916506
20916507
20916508
20922264
20922265
20922266
20922267
20922268
20922269
20922270
20922273
20922274
20922275
20922276
20922277
20922278
20922279
20922280
20922281
20922282
20922300
20922301
20922302
20922303
20922304
20922305
20922306
20922307
20922308
20922309
20922310
20922311
20922312
20922313
20922314
20922315
20922316
20922317
20922318
20922319
20922320
20922321
20922322
20922323
20922324
20922325
20922326
20922327
20922328
20922329
20928096
20928097
20928098
20928099
20928100
20928101
20928102
20928103
20928109
20928110
20928111
20928133
20928134
20928135
20928136
20928137
20928138
20928139
20928140
20928141
20928142
20928143
20928144
20928145
20928146
20928147
20928148
20928149
20928150
20928151
20928152
20928153
20928154
20928155
20928156
20928157
20928158
20928159
20928160
20933980
20933981
20933982
20933983
20933984
20933985
20934015
20934016
20934017
20934018
20934019
20934020
20934021
20934022
20934023
20934024
20934025
20934026
20934027
20934028
20934029
20934030
20934031
20934032
20934033
20934034
20934035
20934038
20934039
20934040
20939850
20939851
20939852
20939853
20939854
20939886
20939887
20939888
20939889
20939890
20939891
20939892
20939893
20939894
20939895
20939896
20939897
20939898
20939899
20939900
20939901
20939902
20939903
20945586
20945587
20945588
20945589
20945590
20945624
20945625
20945626
20945627
20945628
20945629
20945630
20945631
20945632
20945633
20945634
20945635
20945636
20951273
20951274
20951275
20951276
20951311
20951312
20951313
20951314
20956927
20956928
20962507
20962508
20962514
20962515
20962516
20962517
20962518
20962519
20968016
20968017
20968020
20968021
20968022
20968023
20968024
20968025
20968026
20968027
20968028
20968029
20973455
20973456
20973457
20973458
20973459
20973460
20973461
20973462
20973463
20973464
20973465
20978833
20978834
20978835
20978836
20978837
20978838
20978839
20978840
20978841
20978842
20984213
20984214
20984215
20984216
20984217
20984218
20984219
20989604
20989605
20989606
20989607
20989608
20989609
20989610
20994953
20994954
20994955
20994956
20994957
20994958
20994959
20994960
20994961
20994962
21000420
21000421
21000422
21000423
21000424
21000425
21000426
21000427
21000428
21005903
21005904
21005905
21005906
